before encoding : 13 17 5 54
61 6
61 6
71 5
53 6
61 6
62 6
62 6
61 6
54 7
61 6
60 6
66 6
66 5
56 6
65 5
71 5
71 5
71 5
67 4
83 4
83 4
83 4
74 4
116 3
114 3
94 4
83 4
82 4
82 4
69 5
72 5
72 5
72 5
65 6
83 4
83 4
85 4
101 3
114 3
114 3
113 3
114 3
83 4
63 5
83 4
83 4
72 5
57 6
71 5
75 4
72 5
70 5
72 5
72 5
71 5
72 5
57 6
71 5
89 4
83 4
65 6
98 3
114 3
95 4
113 3
115 3
82 4
116 3
118 3
64 5
84 4
82 4
84 4
56 6
72 5
73 5
72 5
71 6
72 5
77 4
72 5
71 5
56 4
73 5
72 5
88 4
63 5
84 4
84 4
114 3
115 3
85 4
83 4
67 4
83 4
71 5
74 4
60 6
76 4
74 5
