before encoding : 13 51 46 45
19
16
16
16
23
19
20
20
19
19
20
19
19
20
20
21
19
20
19
19
19
19
19
19
19
19
20
21
19
19
19
16
16
16
18
19
21
20
19
19
19
21
20
22
20
20
23
23
29
24
31
22
23
23
22
25
21
21
19
19
19
24
23
23
21
20
22
22
24
22
22
23
22
22
22
22
22
22
22
22
22
22
24
23
19
18
17
20
23
22
25
26
26
26
25
25
26
26
26
26
25
25
26
26
26
25
25
27
19
19
20
34
36
38
35
35
36
38
37
35
37
37
36
36
37
33
25
24
35
37
37
38
37
36
35
36
36
37
36
37
36
36
32
24
24
35
38
36
35
36
36
38
37
36
35
35
37
30
26
27
21
19
21
30
29
30
29
30
30
30
31
30
29
31
32
29
27
23
23
24
24
22
20
19
18
24
23
23
23
24
24
24
23
23
25
23
23
23
24
31
23
23
26
24
24
