before decoding : 13 52 6 53
8
8
8
8
9
8
8
8
8
8
7
7
7
7
9
9
9
9
9
9
9
8
9
9
9
8
9
8
8
9
10
8
8
8
9
11
9
9
12
12
9
9
9
12
9
10
9
10
9
9
9
11
10
10
12
9
10
10
10
10
9
8
9
9
9
9
13
10
10
10
10
10
8
8
9
8
8
8
14
20
10
17
8
10
9
8
9
9
9
9
8
9
9
9
9
9
9
9
9
9
8
8
9
9
9
9
9
8
9
8
9
8
9
8
9
9
8
8
8
9
8
8
8
9
9
9
9
10
9
9
9
8
9
9
8
9
8
9
8
9
7
7
7
7
7
7
7
7
8
8
10
9
9
10
9
10
10
10
10
10
9
9
9
10
9
10
9
9
9
9
9
9
9
9
9
9
9
8
9
8
9
8
8
8
8
9
8
8
8
8
8
8
8
8
9
8
8
8
8
8
8
8
8
8
8
8
8
11
9
9
9
8
10
8
8
9
8
8
10
9
9
10
9
9
9
9
9
9
9
9
9
9
9
8
9
10
9
8
8
9
9
8
8
8
8
8
8
8
9
8
8
8
9
9
9
9
8
9
9
9
8
9
8
9
9
8
9
8
8
9
9
9
8
9
9
8
9
9
9
9
7
8
7
7
7
7
7
7
8
9
8
9
9
9
9
9
9
9
9
9
9
9
9
8
8
9
9
9
9
9
9
9
9
8
8
8
9
9
8
9
8
8
8
8
8
8
10
10
9
9
8
8
8
9
9
8
9
9
8
8
8
8
8
8
9
9
9
9
9
9
9
7
7
7
7
7
7
7
7
7
9
8
9
9
8
8
8
8
8
8
9
8
8
8
8
8
9
8
9
8
8
8
8
8
8
8
8
8
8
9
9
8
9
8
8
8
8
9
8
8
10
13
10
11
8
9
8
9
8
8
9
8
8
8
8
8
8
9
8
8
8
8
8
8
8
8
8
8
8
8
8
8
8
8
9
9
9
9
8
8
8
9
8
8
8
8
8
9
8
9
8
9
9
8
8
8
8
9
8
9
8
9
8
8
8
9
8
8
8
9
8
8
8
8
9
10
9
9
8
8
8
8
10
10
10
11
10
10
10
11
10
10
10
10
10
10
9
9
10
9
10
10
8
9
9
8
8
8
8
9
9
9
9
9
9
9
9
9
9
8
8
9
8
8
8
8
8
8
10
8
8
9
9
9
9
9
9
9
9
9
9
9
9
8
8
8
8
8
9
8
9
9
8
8
8
8
9
8
8
8
9
8
8
8
8
8
8
7
6
6
6
6
9
9
9
9
9
9
8
9
9
9
9
8
9
9
9
9
9
9
8
9
9
9
10
9
10
8
8
8
8
8
8
9
10
11
9
9
9
8
8
9
9
9
9
9
9
9
9
9
9
9
9
9
9
10
