before encoding : 13 26 3 86
61 6
62 6
96 5
53 6
62 6
70 5
65 6
62 6
53 6
62 6
61 6
75 6
67 5
54 6
68 5
68 5
70 5
73 4
72 4
71 5
82 4
88 4
77 4
86 4
117 3
81 4
101 4
85 4
84 4
85 4
72 5
72 5
72 5
60 5
65 5
67 5
66 5
66 5
67 4
74 5
71 5
74 5
58 5
85 4
84 4
84 4
102 3
121 3
116 3
114 3
114 3
84 4
80 4
84 4
84 4
73 5
65 5
73 5
72 5
72 4
58 6
74 5
71 5
72 4
72 5
72 5
78 4
83 4
85 4
84 4
111 3
116 3
104 3
122 3
116 3
115 3
115 3
115 3
95 4
94 4
96 3
76 4
76 4
77 4
81 4
61 5
68 5
77 4
83 4
56 6
68 5
69 5
70 5
69 5
56 5
70 5
70 5
73 4
69 6
69 5
