before encoding : 11 24 3 90
2 002452
2 002452
2 002452
2 002452
2 002452
2 002452
2 002452
2 002452
2 002452
2 002452
2 002452
2 002452
2 002452
2 002452
2 002452
2 002452
2 002452
2 002452
2 002452
2 002452
2 002452
2 002452
3 002452
2 002452
2 002452
2 002452
2 002452
2 002452
2 002452
2 002452
2 002452
2 002452
2 002452
2 002452
2 002452
2 002452
2 002452
2 002452
2 002452
2 002452
2 002452
2 002452
2 002452
2 002452
2 002452
2 002452
2 002452
2 002452
2 002452
2 002452
2 002452
2 002452
2 002452
2 002452
2 002452
2 002452
2 002452
2 002452
2 002452
2 002452
2 002452
2 002452
2 002452
2 002452
2 002452
2 002452
2 002452
2 002452
2 002452
2 002452
2 002452
2 002452
2 002452
2 002452
2 002452
2 002452
2 002452
2 002452
2 002452
2 002452
2 002452
2 002452
2 002452
2 002452
2 002452
2 002452
2 002452
2 002452
2 002452
2 002452
2 002452
2 0
2 002452
2 002452
2 002452
2 002452
2 002452
2 002452
2 002452
2 002452
