before encoding : 13 50 49 39
61 6
62 6
65 6
54 7
61 6
62 6
61 6
66 5
54 7
67 5
73 5
74 5
74 5
73 5
72 5
81 4
85 4
75 4
84 4
117 3
82 4
115 3
116 3
87 3
121 3
115 3
115 3
84 4
84 4
90 5
73 5
72 5
73 5
74 4
77 4
86 4
89 4
84 3
116 3
117 3
85 5
85 4
84 4
84 4
76 6
77 4
79 4
78 5
71 5
62 5
70 5
74 5
66 5
65 5
64 6
69 5
69 5
69 5
62 6
69 5
74 5
69 5
71 5
58 5
70 5
69 5
68 5
70 6
69 5
69 5
70 5
74 5
55 6
69 5
70 5
71 5
70 5
61 5
70 5
69 5
69 5
68 6
68 5
68 5
68 5
75 4
56 6
69 5
69 5
70 5
69 5
66 5
73 5
70 5
72 5
60 6
72 5
70 5
68 5
69 5
