before encoding : 14 20 26 20
64 6
61 6
65 5
54 7
60 6
61 6
60 6
62 6
58 7
66 5
66 5
66 5
65 6
66 6
81 4
79 4
77 4
63 6
68 5
68 5
69 5
65 6
54 6
67 5
68 4
69 5
68 5
54 6
69 5
68 5
68 5
67 4
65 5
68 5
69 5
69 5
66 6
69 5
72 5
71 5
69 5
56 6
68 5
69 5
70 5
69 4
65 5
71 5
68 5
68 5
64 6
69 5
68 5
70 5
68 5
55 6
68 5
67 5
67 5
68 5
61 5
68 5
69 5
68 5
68 4
69 5
67 5
68 5
69 5
56 6
68 5
69 5
68 5
69 5
55 5
69 5
74 5
68 5
70 5
69 5
69 5
68 5
68 5
59 6
71 5
69 5
69 5
70 5
57 5
74 4
68 5
73 5
69 6
68 5
69 5
69 5
68 5
56 6
69 5
69 4
